G3dErrFileVersion 2018P3.1
FlagFileMetaData Begin
   Mesh Size - Setup1, Refinement, Pass #1, Freq. 2.450000e+09 :Title    
   Listing of mesh elements with small segments. :ToolTip  
   hf3d :Author   
   1680676299 :TimeStamp
FlagFileMetaData End
BEGIN_ERR 
26 Small mesh segment detected on body : Cylinder1
 Small mesh segment detected on body : Cylinder1 
 Segment Statistics - Number of Segments : 1 --- Segment length(s) : 0.048773mm. The cutoff frequency for S-Matrix Only Solve is 624.567620833333kHz 
4 -1  387  394  395  # nfids, fids[]
2 393  -1  # nbids, bids[]
      8 4 1 0 #ntets ntri ned npts
          -5.3760693899999996e+00   9.5425952200000062e+00  -3.5999999999999999e-01 #xyz tv0
          -5.6239306099999995e+00   9.5099636699999994e+00  -1.7999999999999999e-01 #xyz tv1
          -5.4239048199999997e+00   9.6254486099999994e+00  -3.5999999999999999e-01 #xyz tv2
          -5.3917468199999998e+00   9.5887794399999997e+00  -3.5999999999999999e-01 -1 393 #xyz tv3 fid bid
          -5.3760693899999996e+00   9.5425952200000062e+00  -3.5999999999999999e-01 #xyz tv0
          -5.4239048199999997e+00   9.6254486099999994e+00  -3.5999999999999999e-01 #xyz tv1
          -5.5787537106851453e+00   9.4029076131583817e+00  -1.6000000000000001e+00 #xyz tv2
          -5.3917468199999998e+00   9.5887794399999997e+00  -3.5999999999999999e-01 -1 393 #xyz tv3 fid bid
          -5.6239306099999995e+00   9.5099636699999994e+00  -1.7999999999999999e-01 #xyz tv0
          -5.3760693899999996e+00   9.5425952200000062e+00  -3.5999999999999999e-01 #xyz tv1
          -5.6082531800000028e+00   9.4637794399999979e+00   0.0000000000000000e+00 #xyz tv2
          -5.3917468199999998e+00   9.5887794399999997e+00  -3.5999999999999999e-01 -1 393 #xyz tv3 fid bid
          -1.6315774000000001e+00   1.2393060769999998e+01  -3.5999999999999999e-01 #xyz tv0
          -5.3917468199999998e+00   9.5887794399999997e+00  -3.5999999999999999e-01 #xyz tv1
          -5.3760693899999996e+00   9.5425952200000062e+00  -3.5999999999999999e-01 #xyz tv2
          -5.5787537106851453e+00   9.4029076131583817e+00  -1.6000000000000001e+00 -1 393 #xyz tv3 fid bid
          -5.3917468199999998e+00   9.5887794399999997e+00  -3.5999999999999999e-01 #xyz tv0
          -5.4676476200000002e+00   9.6470201699999993e+00   0.0000000000000000e+00 #xyz tv1
          -5.3760693899999996e+00   9.5425952200000062e+00  -3.5999999999999999e-01 #xyz tv2
          -5.6082531800000028e+00   9.4637794399999979e+00   0.0000000000000000e+00 -1 393 #xyz tv3 fid bid
          -1.6315774000000001e+00   1.2393060769999998e+01  -3.5999999999999999e-01 #xyz tv0
          -4.6339746000000002e+00   1.0026279439999998e+01   0.0000000000000000e+00 #xyz tv1
          -5.3760693899999996e+00   9.5425952200000062e+00  -3.5999999999999999e-01 #xyz tv2
          -5.3917468199999998e+00   9.5887794399999997e+00  -3.5999999999999999e-01 -1 393 #xyz tv3 fid bid
          -5.3917468199999998e+00   9.5887794399999997e+00  -3.5999999999999999e-01 #xyz tv0
          -5.3760693899999996e+00   9.5425952200000062e+00  -3.5999999999999999e-01 #xyz tv1
          -5.4676476200000002e+00   9.6470201699999993e+00   0.0000000000000000e+00 #xyz tv2
          -5.3917468199999998e+00   9.5887794399999997e+00   0.0000000000000000e+00 -1 393 #xyz tv3 fid bid
          -5.3760693899999996e+00   9.5425952200000062e+00  -3.5999999999999999e-01 #xyz tv0
          -4.6339746000000002e+00   1.0026279439999998e+01   0.0000000000000000e+00 #xyz tv1
          -5.3917468199999998e+00   9.5887794399999997e+00   0.0000000000000000e+00 #xyz tv2
          -5.3917468199999998e+00   9.5887794399999997e+00  -3.5999999999999999e-01 -1 393 #xyz tv3 fid bid
          -1.6315774000000001e+00   1.2393060769999998e+01  -3.5999999999999999e-01 #xyz tv0
          -5.3760693899999996e+00   9.5425952200000062e+00  -3.5999999999999999e-01 #xyz tv1
          -5.3917468199999998e+00   9.5887794399999997e+00  -3.5999999999999999e-01 387 -1 #xyz tv2 fid bid
          -5.3917468199999998e+00   9.5887794399999997e+00  -3.5999999999999999e-01 #xyz tv0
          -5.3760693899999996e+00   9.5425952200000062e+00  -3.5999999999999999e-01 #xyz tv1
          -5.3917468199999998e+00   9.5887794399999997e+00   0.0000000000000000e+00 394 -1 #xyz tv2 fid bid
          -5.4239048199999997e+00   9.6254486099999994e+00  -3.5999999999999999e-01 #xyz tv0
          -5.3760693899999996e+00   9.5425952200000062e+00  -3.5999999999999999e-01 #xyz tv1
          -5.3917468199999998e+00   9.5887794399999997e+00  -3.5999999999999999e-01 387 -1 #xyz tv2 fid bid
          -5.4239048199999997e+00   9.6254486099999994e+00  -3.5999999999999999e-01 #xyz tv0
          -5.3760693899999996e+00   9.5425952200000062e+00  -3.5999999999999999e-01 #xyz tv1
          -5.3917468199999998e+00   9.5887794399999997e+00  -3.5999999999999999e-01 395 -1 #xyz tv2 fid bid
          -5.3760693899999996e+00   9.5425952200000062e+00  -3.5999999999999999e-01 #xyz ev0
          -5.3917468199999998e+00   9.5887794399999997e+00  -3.5999999999999999e-01 -1 393 #xyz ev1 fid bid
   0   0.000000000000e+00   0.000000000000e+00   0.000000000000e+00 #flag location
END_ERR 
G3dErrFileVersion 2018P3.1
FlagFileMetaData Begin
   Mesh Size - Setup1, Refinement, Pass #2, Freq. 2.450000e+09 :Title    
   Listing of mesh elements with small segments. :ToolTip  
   hf3d :Author   
   1680676304 :TimeStamp
FlagFileMetaData End
BEGIN_ERR 
26 Small mesh segment detected on body : Cylinder1
 Small mesh segment detected on body : Cylinder1 
 Segment Statistics - Number of Segments : 1 --- Segment length(s) : 0.048773mm. The cutoff frequency for S-Matrix Only Solve is 624.567620833333kHz 
4 -1  387  394  395  # nfids, fids[]
2 393  -1  # nbids, bids[]
      7 4 1 0 #ntets ntri ned npts
          -5.3760693899999996e+00   9.5425952200000062e+00  -3.5999999999999999e-01 #xyz tv0
          -5.6239306099999995e+00   9.5099636699999994e+00  -1.7999999999999999e-01 #xyz tv1
          -5.4239048199999997e+00   9.6254486099999994e+00  -3.5999999999999999e-01 #xyz tv2
          -5.3917468199999998e+00   9.5887794399999997e+00  -3.5999999999999999e-01 -1 393 #xyz tv3 fid bid
          -5.3760693899999996e+00   9.5425952200000062e+00  -3.5999999999999999e-01 #xyz tv0
          -5.4239048199999997e+00   9.6254486099999994e+00  -3.5999999999999999e-01 #xyz tv1
          -5.5787537106851453e+00   9.4029076131583817e+00  -1.6000000000000001e+00 #xyz tv2
          -5.3917468199999998e+00   9.5887794399999997e+00  -3.5999999999999999e-01 -1 393 #xyz tv3 fid bid
          -5.6239306099999995e+00   9.5099636699999994e+00  -1.7999999999999999e-01 #xyz tv0
          -5.3760693899999996e+00   9.5425952200000062e+00  -3.5999999999999999e-01 #xyz tv1
          -5.6082531800000037e+00   9.4637794399999979e+00   0.0000000000000000e+00 #xyz tv2
          -5.3917468199999998e+00   9.5887794399999997e+00  -3.5999999999999999e-01 -1 393 #xyz tv3 fid bid
          -5.3917468199999998e+00   9.5887794399999997e+00  -3.5999999999999999e-01 #xyz tv0
          -5.0719467710577444e+00   9.2337528680615577e+00  -3.5999999999999999e-01 #xyz tv1
          -5.5787537106851453e+00   9.4029076131583817e+00  -1.6000000000000001e+00 #xyz tv2
          -5.3760693899999996e+00   9.5425952200000062e+00  -3.5999999999999999e-01 -1 393 #xyz tv3 fid bid
          -5.3917468199999998e+00   9.5887794399999997e+00  -3.5999999999999999e-01 #xyz tv0
          -5.4676476200000002e+00   9.6470201699999993e+00   0.0000000000000000e+00 #xyz tv1
          -5.3760693899999996e+00   9.5425952200000062e+00  -3.5999999999999999e-01 #xyz tv2
          -5.6082531800000037e+00   9.4637794399999979e+00   0.0000000000000000e+00 -1 393 #xyz tv3 fid bid
          -5.3917468199999998e+00   9.5887794399999997e+00   0.0000000000000000e+00 #xyz tv0
          -5.0719467710577444e+00   9.2337528680615577e+00  -3.5999999999999999e-01 #xyz tv1
          -5.3917468199999998e+00   9.5887794399999997e+00  -3.5999999999999999e-01 #xyz tv2
          -5.3760693899999996e+00   9.5425952200000062e+00  -3.5999999999999999e-01 -1 393 #xyz tv3 fid bid
          -5.3917468199999998e+00   9.5887794399999997e+00  -3.5999999999999999e-01 #xyz tv0
          -5.3760693899999996e+00   9.5425952200000062e+00  -3.5999999999999999e-01 #xyz tv1
          -5.4676476200000002e+00   9.6470201699999993e+00   0.0000000000000000e+00 #xyz tv2
          -5.3917468199999998e+00   9.5887794399999997e+00   0.0000000000000000e+00 -1 393 #xyz tv3 fid bid
          -5.3917468199999998e+00   9.5887794399999997e+00  -3.5999999999999999e-01 #xyz tv0
          -5.0719467710577444e+00   9.2337528680615577e+00  -3.5999999999999999e-01 #xyz tv1
          -5.3760693899999996e+00   9.5425952200000062e+00  -3.5999999999999999e-01 387 -1 #xyz tv2 fid bid
          -5.3917468199999998e+00   9.5887794399999997e+00  -3.5999999999999999e-01 #xyz tv0
          -5.3760693899999996e+00   9.5425952200000062e+00  -3.5999999999999999e-01 #xyz tv1
          -5.3917468199999998e+00   9.5887794399999997e+00   0.0000000000000000e+00 394 -1 #xyz tv2 fid bid
          -5.4239048199999997e+00   9.6254486099999994e+00  -3.5999999999999999e-01 #xyz tv0
          -5.3760693899999996e+00   9.5425952200000062e+00  -3.5999999999999999e-01 #xyz tv1
          -5.3917468199999998e+00   9.5887794399999997e+00  -3.5999999999999999e-01 387 -1 #xyz tv2 fid bid
          -5.4239048199999997e+00   9.6254486099999994e+00  -3.5999999999999999e-01 #xyz tv0
          -5.3760693899999996e+00   9.5425952200000062e+00  -3.5999999999999999e-01 #xyz tv1
          -5.3917468199999998e+00   9.5887794399999997e+00  -3.5999999999999999e-01 395 -1 #xyz tv2 fid bid
          -5.3760693899999996e+00   9.5425952200000062e+00  -3.5999999999999999e-01 #xyz ev0
          -5.3917468199999998e+00   9.5887794399999997e+00  -3.5999999999999999e-01 -1 393 #xyz ev1 fid bid
   0   0.000000000000e+00   0.000000000000e+00   0.000000000000e+00 #flag location
END_ERR 
G3dErrFileVersion 2018P3.1
FlagFileMetaData Begin
   Mesh Size - Setup1, Refinement, Pass #3, Freq. 2.450000e+09 :Title    
   Listing of mesh elements with small segments. :ToolTip  
   hf3d :Author   
   1680676309 :TimeStamp
FlagFileMetaData End
BEGIN_ERR 
26 Small mesh segment detected on body : Cylinder1
 Small mesh segment detected on body : Cylinder1 
 Segment Statistics - Number of Segments : 1 --- Segment length(s) : 0.048773mm. The cutoff frequency for S-Matrix Only Solve is 624.567620833333kHz 
4 -1  387  394  395  # nfids, fids[]
2 393  -1  # nbids, bids[]
      7 4 1 0 #ntets ntri ned npts
          -5.3760693899999996e+00   9.5425952200000062e+00  -3.5999999999999999e-01 #xyz tv0
          -5.6239306099999995e+00   9.5099636699999994e+00  -1.7999999999999999e-01 #xyz tv1
          -5.4239048199999997e+00   9.6254486099999994e+00  -3.5999999999999999e-01 #xyz tv2
          -5.3917468199999998e+00   9.5887794399999997e+00  -3.5999999999999999e-01 -1 393 #xyz tv3 fid bid
          -5.3760693899999996e+00   9.5425952200000062e+00  -3.5999999999999999e-01 #xyz tv0
          -5.4239048199999997e+00   9.6254486099999994e+00  -3.5999999999999999e-01 #xyz tv1
          -5.5787537106851453e+00   9.4029076131583817e+00  -1.6000000000000001e+00 #xyz tv2
          -5.3917468199999998e+00   9.5887794399999997e+00  -3.5999999999999999e-01 -1 393 #xyz tv3 fid bid
          -5.6239306099999995e+00   9.5099636699999994e+00  -1.7999999999999999e-01 #xyz tv0
          -5.3760693899999996e+00   9.5425952200000062e+00  -3.5999999999999999e-01 #xyz tv1
          -5.6082531800000037e+00   9.4637794399999979e+00   0.0000000000000000e+00 #xyz tv2
          -5.3917468199999998e+00   9.5887794399999997e+00  -3.5999999999999999e-01 -1 393 #xyz tv3 fid bid
          -5.3917468199999998e+00   9.5887794399999997e+00  -3.5999999999999999e-01 #xyz tv0
          -5.0719467710577444e+00   9.2337528680615577e+00  -3.5999999999999999e-01 #xyz tv1
          -5.5787537106851453e+00   9.4029076131583817e+00  -1.6000000000000001e+00 #xyz tv2
          -5.3760693899999996e+00   9.5425952200000062e+00  -3.5999999999999999e-01 -1 393 #xyz tv3 fid bid
          -5.3917468199999998e+00   9.5887794399999997e+00  -3.5999999999999999e-01 #xyz tv0
          -5.4676476200000002e+00   9.6470201699999993e+00   0.0000000000000000e+00 #xyz tv1
          -5.3760693899999996e+00   9.5425952200000062e+00  -3.5999999999999999e-01 #xyz tv2
          -5.6082531800000037e+00   9.4637794399999979e+00   0.0000000000000000e+00 -1 393 #xyz tv3 fid bid
          -5.3917468199999998e+00   9.5887794399999997e+00   0.0000000000000000e+00 #xyz tv0
          -5.0719467710577444e+00   9.2337528680615577e+00  -3.5999999999999999e-01 #xyz tv1
          -5.3917468199999998e+00   9.5887794399999997e+00  -3.5999999999999999e-01 #xyz tv2
          -5.3760693899999996e+00   9.5425952200000062e+00  -3.5999999999999999e-01 -1 393 #xyz tv3 fid bid
          -5.3917468199999998e+00   9.5887794399999997e+00  -3.5999999999999999e-01 #xyz tv0
          -5.3760693899999996e+00   9.5425952200000062e+00  -3.5999999999999999e-01 #xyz tv1
          -5.4676476200000002e+00   9.6470201699999993e+00   0.0000000000000000e+00 #xyz tv2
          -5.3917468199999998e+00   9.5887794399999997e+00   0.0000000000000000e+00 -1 393 #xyz tv3 fid bid
          -5.3917468199999998e+00   9.5887794399999997e+00  -3.5999999999999999e-01 #xyz tv0
          -5.0719467710577444e+00   9.2337528680615577e+00  -3.5999999999999999e-01 #xyz tv1
          -5.3760693899999996e+00   9.5425952200000062e+00  -3.5999999999999999e-01 387 -1 #xyz tv2 fid bid
          -5.3917468199999998e+00   9.5887794399999997e+00  -3.5999999999999999e-01 #xyz tv0
          -5.3760693899999996e+00   9.5425952200000062e+00  -3.5999999999999999e-01 #xyz tv1
          -5.3917468199999998e+00   9.5887794399999997e+00   0.0000000000000000e+00 394 -1 #xyz tv2 fid bid
          -5.4239048199999997e+00   9.6254486099999994e+00  -3.5999999999999999e-01 #xyz tv0
          -5.3760693899999996e+00   9.5425952200000062e+00  -3.5999999999999999e-01 #xyz tv1
          -5.3917468199999998e+00   9.5887794399999997e+00  -3.5999999999999999e-01 387 -1 #xyz tv2 fid bid
          -5.4239048199999997e+00   9.6254486099999994e+00  -3.5999999999999999e-01 #xyz tv0
          -5.3760693899999996e+00   9.5425952200000062e+00  -3.5999999999999999e-01 #xyz tv1
          -5.3917468199999998e+00   9.5887794399999997e+00  -3.5999999999999999e-01 395 -1 #xyz tv2 fid bid
          -5.3760693899999996e+00   9.5425952200000062e+00  -3.5999999999999999e-01 #xyz ev0
          -5.3917468199999998e+00   9.5887794399999997e+00  -3.5999999999999999e-01 -1 393 #xyz ev1 fid bid
   0   0.000000000000e+00   0.000000000000e+00   0.000000000000e+00 #flag location
END_ERR 
G3dErrFileVersion 2018P3.1
FlagFileMetaData Begin
   Mesh Size - Setup1, Refinement, Pass #4, Freq. 2.450000e+09 :Title    
   Listing of mesh elements with small segments. :ToolTip  
   hf3d :Author   
   1680676315 :TimeStamp
FlagFileMetaData End
BEGIN_ERR 
26 Small mesh segment detected on body : Sphere1
 Small mesh segment detected on body : Sphere1 
 Segment Statistics - Number of Segments : 1 --- Segment length(s) : 0.048773mm. The cutoff frequency for S-Matrix Only Solve is 624.567620833333kHz 
5 -1  394  9  238  396  # nfids, fids[]
2 419  -1  # nbids, bids[]
      5 6 1 0 #ntets ntri ned npts
          -5.3760693899999996e+00   9.5425952200000062e+00   0.0000000000000000e+00 #xyz tv0
          -4.6339746000000002e+00   1.0026279439999998e+01   0.0000000000000000e+00 #xyz tv1
          -5.6372890492898273e+00   9.7503248468188293e+00   1.0976725794640014e+00 #xyz tv2
          -5.3917468199999998e+00   9.5887794399999997e+00   0.0000000000000000e+00 -1 419 #xyz tv3 fid bid
          -5.3760693899999996e+00   9.5425952200000062e+00   0.0000000000000000e+00 #xyz tv0
          -5.6372890492898273e+00   9.7503248468188293e+00   1.0976725794640014e+00 #xyz tv1
          -5.4676476200000002e+00   9.6470201699999993e+00   0.0000000000000000e+00 #xyz tv2
          -5.3917468199999998e+00   9.5887794399999997e+00   0.0000000000000000e+00 -1 419 #xyz tv3 fid bid
          -5.3760693899999996e+00   9.5425952200000062e+00   0.0000000000000000e+00 #xyz tv0
          -5.3917468199999998e+00   9.5887794399999997e+00   0.0000000000000000e+00 #xyz tv1
          -5.0719467710577444e+00   9.2337528680615577e+00  -3.5999999999999999e-01 #xyz tv2
          -4.6339746000000002e+00   1.0026279439999998e+01   0.0000000000000000e+00 -1 419 #xyz tv3 fid bid
          -5.3760693899999996e+00   9.5425952200000062e+00  -3.5999999999999999e-01 #xyz tv0
          -5.3760693899999996e+00   9.5425952200000062e+00   0.0000000000000000e+00 #xyz tv1
          -5.4676476200000002e+00   9.6470201699999993e+00   0.0000000000000000e+00 #xyz tv2
          -5.3917468199999998e+00   9.5887794399999997e+00   0.0000000000000000e+00 -1 419 #xyz tv3 fid bid
          -5.3760693899999996e+00   9.5425952200000062e+00   0.0000000000000000e+00 #xyz tv0
          -5.0719467710577444e+00   9.2337528680615577e+00  -3.5999999999999999e-01 #xyz tv1
          -5.3917468199999998e+00   9.5887794399999997e+00   0.0000000000000000e+00 #xyz tv2
          -5.3760693899999996e+00   9.5425952200000062e+00  -3.5999999999999999e-01 -1 419 #xyz tv3 fid bid
          -5.3760693899999996e+00   9.5425952200000062e+00   0.0000000000000000e+00 #xyz tv0
          -5.3917468199999998e+00   9.5887794399999997e+00   0.0000000000000000e+00 #xyz tv1
          -5.3760693899999996e+00   9.5425952200000062e+00  -3.5999999999999999e-01 394 -1 #xyz tv2 fid bid
          -5.3760693899999996e+00   9.5425952200000062e+00   0.0000000000000000e+00 #xyz tv0
          -4.6339746000000002e+00   1.0026279439999998e+01   0.0000000000000000e+00 #xyz tv1
          -5.3917468199999998e+00   9.5887794399999997e+00   0.0000000000000000e+00 9 -1 #xyz tv2 fid bid
          -5.3760693899999996e+00   9.5425952200000062e+00   0.0000000000000000e+00 #xyz tv0
          -4.6339746000000002e+00   1.0026279439999998e+01   0.0000000000000000e+00 #xyz tv1
          -5.3917468199999998e+00   9.5887794399999997e+00   0.0000000000000000e+00 238 -1 #xyz tv2 fid bid
          -5.4676476200000002e+00   9.6470201699999993e+00   0.0000000000000000e+00 #xyz tv0
          -5.3760693899999996e+00   9.5425952200000062e+00   0.0000000000000000e+00 #xyz tv1
          -5.3917468199999998e+00   9.5887794399999997e+00   0.0000000000000000e+00 9 -1 #xyz tv2 fid bid
          -5.4676476200000002e+00   9.6470201699999993e+00   0.0000000000000000e+00 #xyz tv0
          -5.3760693899999996e+00   9.5425952200000062e+00   0.0000000000000000e+00 #xyz tv1
          -5.3917468199999998e+00   9.5887794399999997e+00   0.0000000000000000e+00 396 -1 #xyz tv2 fid bid
          -5.4676476200000002e+00   9.6470201699999993e+00   0.0000000000000000e+00 #xyz tv0
          -5.3760693899999996e+00   9.5425952200000062e+00   0.0000000000000000e+00 #xyz tv1
          -5.3917468199999998e+00   9.5887794399999997e+00   0.0000000000000000e+00 238 -1 #xyz tv2 fid bid
          -5.3760693899999996e+00   9.5425952200000062e+00   0.0000000000000000e+00 #xyz ev0
          -5.3917468199999998e+00   9.5887794399999997e+00   0.0000000000000000e+00 -1 419 #xyz ev1 fid bid
   0   0.000000000000e+00   0.000000000000e+00   0.000000000000e+00 #flag location
END_ERR 
BEGIN_ERR 
26 Small mesh segment detected on body : Cylinder1
 Small mesh segment detected on body : Cylinder1 
 Segment Statistics - Number of Segments : 1 --- Segment length(s) : 0.048773mm. The cutoff frequency for S-Matrix Only Solve is 624.567620833333kHz 
4 -1  387  394  395  # nfids, fids[]
2 393  -1  # nbids, bids[]
      7 4 1 0 #ntets ntri ned npts
          -5.3760693899999996e+00   9.5425952200000062e+00  -3.5999999999999999e-01 #xyz tv0
          -5.6239306099999995e+00   9.5099636699999994e+00  -1.7999999999999999e-01 #xyz tv1
          -5.4239048199999997e+00   9.6254486099999994e+00  -3.5999999999999999e-01 #xyz tv2
          -5.3917468199999998e+00   9.5887794399999997e+00  -3.5999999999999999e-01 -1 393 #xyz tv3 fid bid
          -5.3760693899999996e+00   9.5425952200000062e+00  -3.5999999999999999e-01 #xyz tv0
          -5.4239048199999997e+00   9.6254486099999994e+00  -3.5999999999999999e-01 #xyz tv1
          -5.5787537106851453e+00   9.4029076131583817e+00  -1.6000000000000001e+00 #xyz tv2
          -5.3917468199999998e+00   9.5887794399999997e+00  -3.5999999999999999e-01 -1 393 #xyz tv3 fid bid
          -5.6239306099999995e+00   9.5099636699999994e+00  -1.7999999999999999e-01 #xyz tv0
          -5.3760693899999996e+00   9.5425952200000062e+00  -3.5999999999999999e-01 #xyz tv1
          -5.6082531800000037e+00   9.4637794399999979e+00   0.0000000000000000e+00 #xyz tv2
          -5.3917468199999998e+00   9.5887794399999997e+00  -3.5999999999999999e-01 -1 393 #xyz tv3 fid bid
          -5.3917468199999998e+00   9.5887794399999997e+00  -3.5999999999999999e-01 #xyz tv0
          -5.0719467710577444e+00   9.2337528680615577e+00  -3.5999999999999999e-01 #xyz tv1
          -5.5787537106851453e+00   9.4029076131583817e+00  -1.6000000000000001e+00 #xyz tv2
          -5.3760693899999996e+00   9.5425952200000062e+00  -3.5999999999999999e-01 -1 393 #xyz tv3 fid bid
          -5.3917468199999998e+00   9.5887794399999997e+00  -3.5999999999999999e-01 #xyz tv0
          -5.4676476200000002e+00   9.6470201699999993e+00   0.0000000000000000e+00 #xyz tv1
          -5.3760693899999996e+00   9.5425952200000062e+00  -3.5999999999999999e-01 #xyz tv2
          -5.6082531800000037e+00   9.4637794399999979e+00   0.0000000000000000e+00 -1 393 #xyz tv3 fid bid
          -5.3917468199999998e+00   9.5887794399999997e+00   0.0000000000000000e+00 #xyz tv0
          -5.0719467710577444e+00   9.2337528680615577e+00  -3.5999999999999999e-01 #xyz tv1
          -5.3917468199999998e+00   9.5887794399999997e+00  -3.5999999999999999e-01 #xyz tv2
          -5.3760693899999996e+00   9.5425952200000062e+00  -3.5999999999999999e-01 -1 393 #xyz tv3 fid bid
          -5.3917468199999998e+00   9.5887794399999997e+00  -3.5999999999999999e-01 #xyz tv0
          -5.3760693899999996e+00   9.5425952200000062e+00  -3.5999999999999999e-01 #xyz tv1
          -5.4676476200000002e+00   9.6470201699999993e+00   0.0000000000000000e+00 #xyz tv2
          -5.3917468199999998e+00   9.5887794399999997e+00   0.0000000000000000e+00 -1 393 #xyz tv3 fid bid
          -5.3917468199999998e+00   9.5887794399999997e+00  -3.5999999999999999e-01 #xyz tv0
          -5.0719467710577444e+00   9.2337528680615577e+00  -3.5999999999999999e-01 #xyz tv1
          -5.3760693899999996e+00   9.5425952200000062e+00  -3.5999999999999999e-01 387 -1 #xyz tv2 fid bid
          -5.3917468199999998e+00   9.5887794399999997e+00  -3.5999999999999999e-01 #xyz tv0
          -5.3760693899999996e+00   9.5425952200000062e+00  -3.5999999999999999e-01 #xyz tv1
          -5.3917468199999998e+00   9.5887794399999997e+00   0.0000000000000000e+00 394 -1 #xyz tv2 fid bid
          -5.4239048199999997e+00   9.6254486099999994e+00  -3.5999999999999999e-01 #xyz tv0
          -5.3760693899999996e+00   9.5425952200000062e+00  -3.5999999999999999e-01 #xyz tv1
          -5.3917468199999998e+00   9.5887794399999997e+00  -3.5999999999999999e-01 387 -1 #xyz tv2 fid bid
          -5.4239048199999997e+00   9.6254486099999994e+00  -3.5999999999999999e-01 #xyz tv0
          -5.3760693899999996e+00   9.5425952200000062e+00  -3.5999999999999999e-01 #xyz tv1
          -5.3917468199999998e+00   9.5887794399999997e+00  -3.5999999999999999e-01 395 -1 #xyz tv2 fid bid
          -5.3760693899999996e+00   9.5425952200000062e+00  -3.5999999999999999e-01 #xyz ev0
          -5.3917468199999998e+00   9.5887794399999997e+00  -3.5999999999999999e-01 -1 393 #xyz ev1 fid bid
   0   0.000000000000e+00   0.000000000000e+00   0.000000000000e+00 #flag location
END_ERR 
G3dErrFileVersion 2018P3.1
FlagFileMetaData Begin
   Mesh Size - Setup1, Refinement, Pass #5, Freq. 2.450000e+09 :Title    
   Listing of mesh elements with small segments. :ToolTip  
   hf3d :Author   
   1680676323 :TimeStamp
FlagFileMetaData End
BEGIN_ERR 
26 Small mesh segment detected on body : Sphere1
 Small mesh segment detected on body : Sphere1 
 Segment Statistics - Number of Segments : 1 --- Segment length(s) : 0.048773mm. The cutoff frequency for S-Matrix Only Solve is 624.567620833333kHz 
5 -1  394  9  238  396  # nfids, fids[]
2 419  -1  # nbids, bids[]
      4 6 1 0 #ntets ntri ned npts
          -5.3760693899999996e+00   9.5425952200000062e+00   0.0000000000000000e+00 #xyz tv0
          -4.6339746000000002e+00   1.0026279439999998e+01   0.0000000000000000e+00 #xyz tv1
          -5.2743071426407093e+00   9.5997983256525039e+00   8.0671407923134131e-01 #xyz tv2
          -5.3917468199999998e+00   9.5887794399999997e+00   0.0000000000000000e+00 -1 419 #xyz tv3 fid bid
          -5.3760693899999996e+00   9.5425952200000062e+00   0.0000000000000000e+00 #xyz tv0
          -5.2743071426407093e+00   9.5997983256525039e+00   8.0671407923134131e-01 #xyz tv1
          -5.4676476200000002e+00   9.6470201699999993e+00   0.0000000000000000e+00 #xyz tv2
          -5.3917468199999998e+00   9.5887794399999997e+00   0.0000000000000000e+00 -1 419 #xyz tv3 fid bid
          -4.6339746000000002e+00   1.0026279439999998e+01   0.0000000000000000e+00 #xyz tv0
          -5.3760693899999996e+00   9.5425952200000062e+00   0.0000000000000000e+00 #xyz tv1
          -5.3760693899999996e+00   9.5425952200000062e+00  -3.5999999999999999e-01 #xyz tv2
          -5.3917468199999998e+00   9.5887794399999997e+00   0.0000000000000000e+00 -1 419 #xyz tv3 fid bid
          -5.3760693899999996e+00   9.5425952200000062e+00  -3.5999999999999999e-01 #xyz tv0
          -5.3760693899999996e+00   9.5425952200000062e+00   0.0000000000000000e+00 #xyz tv1
          -5.4676476200000002e+00   9.6470201699999993e+00   0.0000000000000000e+00 #xyz tv2
          -5.3917468199999998e+00   9.5887794399999997e+00   0.0000000000000000e+00 -1 419 #xyz tv3 fid bid
          -5.3760693899999996e+00   9.5425952200000062e+00   0.0000000000000000e+00 #xyz tv0
          -5.3917468199999998e+00   9.5887794399999997e+00   0.0000000000000000e+00 #xyz tv1
          -5.3760693899999996e+00   9.5425952200000062e+00  -3.5999999999999999e-01 394 -1 #xyz tv2 fid bid
          -5.3760693899999996e+00   9.5425952200000062e+00   0.0000000000000000e+00 #xyz tv0
          -4.6339746000000002e+00   1.0026279439999998e+01   0.0000000000000000e+00 #xyz tv1
          -5.3917468199999998e+00   9.5887794399999997e+00   0.0000000000000000e+00 9 -1 #xyz tv2 fid bid
          -5.3760693899999996e+00   9.5425952200000062e+00   0.0000000000000000e+00 #xyz tv0
          -4.6339746000000002e+00   1.0026279439999998e+01   0.0000000000000000e+00 #xyz tv1
          -5.3917468199999998e+00   9.5887794399999997e+00   0.0000000000000000e+00 238 -1 #xyz tv2 fid bid
          -5.4676476200000002e+00   9.6470201699999993e+00   0.0000000000000000e+00 #xyz tv0
          -5.3760693899999996e+00   9.5425952200000062e+00   0.0000000000000000e+00 #xyz tv1
          -5.3917468199999998e+00   9.5887794399999997e+00   0.0000000000000000e+00 9 -1 #xyz tv2 fid bid
          -5.4676476200000002e+00   9.6470201699999993e+00   0.0000000000000000e+00 #xyz tv0
          -5.3760693899999996e+00   9.5425952200000062e+00   0.0000000000000000e+00 #xyz tv1
          -5.3917468199999998e+00   9.5887794399999997e+00   0.0000000000000000e+00 396 -1 #xyz tv2 fid bid
          -5.4676476200000002e+00   9.6470201699999993e+00   0.0000000000000000e+00 #xyz tv0
          -5.3760693899999996e+00   9.5425952200000062e+00   0.0000000000000000e+00 #xyz tv1
          -5.3917468199999998e+00   9.5887794399999997e+00   0.0000000000000000e+00 238 -1 #xyz tv2 fid bid
          -5.3760693899999996e+00   9.5425952200000062e+00   0.0000000000000000e+00 #xyz ev0
          -5.3917468199999998e+00   9.5887794399999997e+00   0.0000000000000000e+00 -1 419 #xyz ev1 fid bid
   0   0.000000000000e+00   0.000000000000e+00   0.000000000000e+00 #flag location
END_ERR 
BEGIN_ERR 
26 Small mesh segment detected on body : Cylinder1
 Small mesh segment detected on body : Cylinder1 
 Segment Statistics - Number of Segments : 1 --- Segment length(s) : 0.048773mm. The cutoff frequency for S-Matrix Only Solve is 624.567620833333kHz 
4 -1  387  394  395  # nfids, fids[]
2 393  -1  # nbids, bids[]
      8 4 1 0 #ntets ntri ned npts
          -5.3760693899999996e+00   9.5425952200000062e+00  -3.5999999999999999e-01 #xyz tv0
          -5.6239306099999995e+00   9.5099636699999994e+00  -1.7999999999999999e-01 #xyz tv1
          -5.4239048199999997e+00   9.6254486099999994e+00  -3.5999999999999999e-01 #xyz tv2
          -5.3917468199999998e+00   9.5887794399999997e+00  -3.5999999999999999e-01 -1 393 #xyz tv3 fid bid
          -5.3760693899999996e+00   9.5425952200000062e+00  -3.5999999999999999e-01 #xyz tv0
          -5.4239048199999997e+00   9.6254486099999994e+00  -3.5999999999999999e-01 #xyz tv1
          -5.5787537106851453e+00   9.4029076131583817e+00  -1.6000000000000001e+00 #xyz tv2
          -5.3917468199999998e+00   9.5887794399999997e+00  -3.5999999999999999e-01 -1 393 #xyz tv3 fid bid
          -5.6239306099999995e+00   9.5099636699999994e+00  -1.7999999999999999e-01 #xyz tv0
          -5.3760693899999996e+00   9.5425952200000062e+00  -3.5999999999999999e-01 #xyz tv1
          -5.6082531800000037e+00   9.4637794399999979e+00   0.0000000000000000e+00 #xyz tv2
          -5.3917468199999998e+00   9.5887794399999997e+00  -3.5999999999999999e-01 -1 393 #xyz tv3 fid bid
          -4.6547339534961756e+00   1.0011624614393819e+01  -3.5999999999999999e-01 #xyz tv0
          -5.3760693899999996e+00   9.5425952200000062e+00  -3.5999999999999999e-01 #xyz tv1
          -5.5787537106851453e+00   9.4029076131583817e+00  -1.6000000000000001e+00 #xyz tv2
          -5.3917468199999998e+00   9.5887794399999997e+00  -3.5999999999999999e-01 -1 393 #xyz tv3 fid bid
          -5.3917468199999998e+00   9.5887794399999997e+00  -3.5999999999999999e-01 #xyz tv0
          -5.4676476200000002e+00   9.6470201699999993e+00   0.0000000000000000e+00 #xyz tv1
          -5.3760693899999996e+00   9.5425952200000062e+00  -3.5999999999999999e-01 #xyz tv2
          -5.6082531800000037e+00   9.4637794399999979e+00   0.0000000000000000e+00 -1 393 #xyz tv3 fid bid
          -4.6339746000000002e+00   1.0026279439999998e+01   0.0000000000000000e+00 #xyz tv0
          -5.3917468199999998e+00   9.5887794399999997e+00  -3.5999999999999999e-01 #xyz tv1
          -5.3760693899999996e+00   9.5425952200000062e+00  -3.5999999999999999e-01 #xyz tv2
          -4.6547339534961756e+00   1.0011624614393819e+01  -3.5999999999999999e-01 -1 393 #xyz tv3 fid bid
          -5.3917468199999998e+00   9.5887794399999997e+00  -3.5999999999999999e-01 #xyz tv0
          -5.3760693899999996e+00   9.5425952200000062e+00  -3.5999999999999999e-01 #xyz tv1
          -5.4676476200000002e+00   9.6470201699999993e+00   0.0000000000000000e+00 #xyz tv2
          -5.3917468199999998e+00   9.5887794399999997e+00   0.0000000000000000e+00 -1 393 #xyz tv3 fid bid
          -4.6339746000000002e+00   1.0026279439999998e+01   0.0000000000000000e+00 #xyz tv0
          -5.3760693899999996e+00   9.5425952200000062e+00  -3.5999999999999999e-01 #xyz tv1
          -5.3917468199999998e+00   9.5887794399999997e+00  -3.5999999999999999e-01 #xyz tv2
          -5.3917468199999998e+00   9.5887794399999997e+00   0.0000000000000000e+00 -1 393 #xyz tv3 fid bid
          -4.6547339534961756e+00   1.0011624614393819e+01  -3.5999999999999999e-01 #xyz tv0
          -5.3760693899999996e+00   9.5425952200000062e+00  -3.5999999999999999e-01 #xyz tv1
          -5.3917468199999998e+00   9.5887794399999997e+00  -3.5999999999999999e-01 387 -1 #xyz tv2 fid bid
          -5.3917468199999998e+00   9.5887794399999997e+00  -3.5999999999999999e-01 #xyz tv0
          -5.3760693899999996e+00   9.5425952200000062e+00  -3.5999999999999999e-01 #xyz tv1
          -5.3917468199999998e+00   9.5887794399999997e+00   0.0000000000000000e+00 394 -1 #xyz tv2 fid bid
          -5.4239048199999997e+00   9.6254486099999994e+00  -3.5999999999999999e-01 #xyz tv0
          -5.3760693899999996e+00   9.5425952200000062e+00  -3.5999999999999999e-01 #xyz tv1
          -5.3917468199999998e+00   9.5887794399999997e+00  -3.5999999999999999e-01 387 -1 #xyz tv2 fid bid
          -5.4239048199999997e+00   9.6254486099999994e+00  -3.5999999999999999e-01 #xyz tv0
          -5.3760693899999996e+00   9.5425952200000062e+00  -3.5999999999999999e-01 #xyz tv1
          -5.3917468199999998e+00   9.5887794399999997e+00  -3.5999999999999999e-01 395 -1 #xyz tv2 fid bid
          -5.3760693899999996e+00   9.5425952200000062e+00  -3.5999999999999999e-01 #xyz ev0
          -5.3917468199999998e+00   9.5887794399999997e+00  -3.5999999999999999e-01 -1 393 #xyz ev1 fid bid
   0   0.000000000000e+00   0.000000000000e+00   0.000000000000e+00 #flag location
END_ERR 
G3dErrFileVersion 2018P3.1
FlagFileMetaData Begin
   Mesh Size - Setup1, Refinement, Pass #6, Freq. 2.450000e+09 :Title    
   Listing of mesh elements with small segments. :ToolTip  
   hf3d :Author   
   1680676333 :TimeStamp
FlagFileMetaData End
BEGIN_ERR 
26 Small mesh segment detected on body : Cylinder1
 Small mesh segment detected on body : Cylinder1 
 Segment Statistics - Number of Segments : 1 --- Segment length(s) : 0.048773mm. The cutoff frequency for S-Matrix Only Solve is 624.567620833333kHz 
4 -1  387  394  395  # nfids, fids[]
2 393  -1  # nbids, bids[]
      8 4 1 0 #ntets ntri ned npts
          -5.3760693899999996e+00   9.5425952200000062e+00  -3.5999999999999999e-01 #xyz tv0
          -5.6239306099999995e+00   9.5099636699999994e+00  -1.7999999999999999e-01 #xyz tv1
          -5.4239048199999997e+00   9.6254486099999994e+00  -3.5999999999999999e-01 #xyz tv2
          -5.3917468199999998e+00   9.5887794399999997e+00  -3.5999999999999999e-01 -1 393 #xyz tv3 fid bid
          -5.3760693899999996e+00   9.5425952200000062e+00  -3.5999999999999999e-01 #xyz tv0
          -5.4239048199999997e+00   9.6254486099999994e+00  -3.5999999999999999e-01 #xyz tv1
          -5.5032584810353899e+00   9.4748945034585894e+00  -1.6000000000000001e+00 #xyz tv2
          -5.3917468199999998e+00   9.5887794399999997e+00  -3.5999999999999999e-01 -1 393 #xyz tv3 fid bid
          -5.6239306099999995e+00   9.5099636699999994e+00  -1.7999999999999999e-01 #xyz tv0
          -5.3760693899999996e+00   9.5425952200000062e+00  -3.5999999999999999e-01 #xyz tv1
          -5.6082531800000037e+00   9.4637794399999979e+00   0.0000000000000000e+00 #xyz tv2
          -5.3917468199999998e+00   9.5887794399999997e+00  -3.5999999999999999e-01 -1 393 #xyz tv3 fid bid
          -4.6966105955879192e+00   1.0009074092458908e+01  -3.5999999999999999e-01 #xyz tv0
          -5.3760693899999996e+00   9.5425952200000062e+00  -3.5999999999999999e-01 #xyz tv1
          -5.5032584810353899e+00   9.4748945034585894e+00  -1.6000000000000001e+00 #xyz tv2
          -5.3917468199999998e+00   9.5887794399999997e+00  -3.5999999999999999e-01 -1 393 #xyz tv3 fid bid
          -5.3917468199999998e+00   9.5887794399999997e+00  -3.5999999999999999e-01 #xyz tv0
          -5.4676476200000002e+00   9.6470201699999993e+00   0.0000000000000000e+00 #xyz tv1
          -5.3760693899999996e+00   9.5425952200000062e+00  -3.5999999999999999e-01 #xyz tv2
          -5.6082531800000037e+00   9.4637794399999979e+00   0.0000000000000000e+00 -1 393 #xyz tv3 fid bid
          -4.6966105955879192e+00   1.0009074092458908e+01  -3.5999999999999999e-01 #xyz tv0
          -5.1880240810768585e+00   9.7635090128136053e+00   0.0000000000000000e+00 #xyz tv1
          -5.3760693899999996e+00   9.5425952200000062e+00  -3.5999999999999999e-01 #xyz tv2
          -5.3917468199999998e+00   9.5887794399999997e+00  -3.5999999999999999e-01 -1 393 #xyz tv3 fid bid
          -5.3917468199999998e+00   9.5887794399999997e+00  -3.5999999999999999e-01 #xyz tv0
          -5.3760693899999996e+00   9.5425952200000062e+00  -3.5999999999999999e-01 #xyz tv1
          -5.4676476200000002e+00   9.6470201699999993e+00   0.0000000000000000e+00 #xyz tv2
          -5.3917468199999998e+00   9.5887794399999997e+00   0.0000000000000000e+00 -1 393 #xyz tv3 fid bid
          -5.3917468199999998e+00   9.5887794399999997e+00  -3.5999999999999999e-01 #xyz tv0
          -5.1880240810768585e+00   9.7635090128136053e+00   0.0000000000000000e+00 #xyz tv1
          -5.3760693899999996e+00   9.5425952200000062e+00  -3.5999999999999999e-01 #xyz tv2
          -5.3917468199999998e+00   9.5887794399999997e+00   0.0000000000000000e+00 -1 393 #xyz tv3 fid bid
          -5.3760693899999996e+00   9.5425952200000062e+00  -3.5999999999999999e-01 #xyz tv0
          -4.6966105955879192e+00   1.0009074092458908e+01  -3.5999999999999999e-01 #xyz tv1
          -5.3917468199999998e+00   9.5887794399999997e+00  -3.5999999999999999e-01 387 -1 #xyz tv2 fid bid
          -5.3917468199999998e+00   9.5887794399999997e+00  -3.5999999999999999e-01 #xyz tv0
          -5.3760693899999996e+00   9.5425952200000062e+00  -3.5999999999999999e-01 #xyz tv1
          -5.3917468199999998e+00   9.5887794399999997e+00   0.0000000000000000e+00 394 -1 #xyz tv2 fid bid
          -5.4239048199999997e+00   9.6254486099999994e+00  -3.5999999999999999e-01 #xyz tv0
          -5.3760693899999996e+00   9.5425952200000062e+00  -3.5999999999999999e-01 #xyz tv1
          -5.3917468199999998e+00   9.5887794399999997e+00  -3.5999999999999999e-01 387 -1 #xyz tv2 fid bid
          -5.4239048199999997e+00   9.6254486099999994e+00  -3.5999999999999999e-01 #xyz tv0
          -5.3760693899999996e+00   9.5425952200000062e+00  -3.5999999999999999e-01 #xyz tv1
          -5.3917468199999998e+00   9.5887794399999997e+00  -3.5999999999999999e-01 395 -1 #xyz tv2 fid bid
          -5.3917468199999998e+00   9.5887794399999997e+00  -3.5999999999999999e-01 #xyz ev0
          -5.3760693899999996e+00   9.5425952200000062e+00  -3.5999999999999999e-01 -1 393 #xyz ev1 fid bid
   0   0.000000000000e+00   0.000000000000e+00   0.000000000000e+00 #flag location
END_ERR 
BEGIN_ERR 
26 Small mesh segment detected on body : Sphere1
 Small mesh segment detected on body : Sphere1 
 Segment Statistics - Number of Segments : 1 --- Segment length(s) : 0.048773mm. The cutoff frequency for S-Matrix Only Solve is 624.567620833333kHz 
5 -1  394  9  238  396  # nfids, fids[]
2 419  -1  # nbids, bids[]
      4 6 1 0 #ntets ntri ned npts
          -5.3760693899999996e+00   9.5425952200000062e+00   0.0000000000000000e+00 #xyz tv0
          -5.1880240810768585e+00   9.7635090128136053e+00   0.0000000000000000e+00 #xyz tv1
          -5.2778445402495375e+00   9.7357108779413348e+00   6.3821413127805460e-01 #xyz tv2
          -5.3917468199999998e+00   9.5887794399999997e+00   0.0000000000000000e+00 -1 419 #xyz tv3 fid bid
          -5.3760693899999996e+00   9.5425952200000062e+00   0.0000000000000000e+00 #xyz tv0
          -5.2778445402495375e+00   9.7357108779413348e+00   6.3821413127805460e-01 #xyz tv1
          -5.4676476200000002e+00   9.6470201699999993e+00   0.0000000000000000e+00 #xyz tv2
          -5.3917468199999998e+00   9.5887794399999997e+00   0.0000000000000000e+00 -1 419 #xyz tv3 fid bid
          -5.3760693899999996e+00   9.5425952200000062e+00  -3.5999999999999999e-01 #xyz tv0
          -5.1880240810768585e+00   9.7635090128136053e+00   0.0000000000000000e+00 #xyz tv1
          -5.3760693899999996e+00   9.5425952200000062e+00   0.0000000000000000e+00 #xyz tv2
          -5.3917468199999998e+00   9.5887794399999997e+00   0.0000000000000000e+00 -1 419 #xyz tv3 fid bid
          -5.3760693899999996e+00   9.5425952200000062e+00  -3.5999999999999999e-01 #xyz tv0
          -5.3760693899999996e+00   9.5425952200000062e+00   0.0000000000000000e+00 #xyz tv1
          -5.4676476200000002e+00   9.6470201699999993e+00   0.0000000000000000e+00 #xyz tv2
